{
 "cells": [
  {
   "cell_type": "code",
   "execution_count": 6,
   "id": "5c027965",
   "metadata": {},
   "outputs": [],
   "source": [
    "import pandas as pd\n",
    "import numpy as np\n"
   ]
  },
  {
   "cell_type": "code",
   "execution_count": 7,
   "id": "96116c3b",
   "metadata": {},
   "outputs": [],
   "source": [
    "df = pd.read_csv('data.csv')"
   ]
  },
  {
   "cell_type": "code",
   "execution_count": 8,
   "id": "1498a081",
   "metadata": {},
   "outputs": [
    {
     "data": {
      "text/plain": [
       "<bound method NDFrame.head of       Rooms  Type    Price  Method  Distance  Postcode  Bedroom2  Bathroom  \\\n",
       "0         2     1  1035000       2       2.5      3067         2         1   \n",
       "1         3     1  1465000       4       2.5      3067         3         2   \n",
       "2         4     1  1600000       5       2.5      3067         3         1   \n",
       "3         3     1  1876000       2       2.5      3067         4         2   \n",
       "4         2     1  1636000       2       2.5      3067         2         1   \n",
       "...     ...   ...      ...     ...       ...       ...       ...       ...   \n",
       "6825      2     1   650000       1      14.5      3087         2         1   \n",
       "6826      4     1   635000       2      14.7      3030         4         2   \n",
       "6827      3     1  1031000       4       6.8      3016         3         2   \n",
       "6828      4     1  2500000       1       6.8      3016         4         1   \n",
       "6829      4     1  1285000       4       6.3      3013         4         1   \n",
       "\n",
       "      Car  Landsize  BuildingArea  YearBuilt  CouncilArea  Lattitude  \\\n",
       "0       0       156          79.0       1900         30.0  -37.80790   \n",
       "1       0       134         150.0       1900         30.0  -37.80930   \n",
       "2       2       120         142.0       2014         30.0  -37.80720   \n",
       "3       0       245         210.0       1910         30.0  -37.80240   \n",
       "4       2       256         107.0       1890         30.0  -37.80600   \n",
       "...   ...       ...           ...        ...          ...        ...   \n",
       "6825    1       210          79.0       2006          NaN  -37.70657   \n",
       "6826    1       662         172.0       1980          NaN  -37.89327   \n",
       "6827    2       333         133.0       1995          NaN  -37.85927   \n",
       "6828    5       866         157.0       1920          NaN  -37.85908   \n",
       "6829    1       362         112.0       1920          NaN  -37.81188   \n",
       "\n",
       "      Longtitude  Regionname  Propertycount  \n",
       "0      144.99340           3           4019  \n",
       "1      144.99440           3           4019  \n",
       "2      144.99410           3           4019  \n",
       "3      144.99930           3           4019  \n",
       "4      144.99540           3           4019  \n",
       "...          ...         ...            ...  \n",
       "6825   145.07878           3           2329  \n",
       "6826   144.64789           7          16166  \n",
       "6827   144.87904           7           6380  \n",
       "6828   144.89299           7           6380  \n",
       "6829   144.88449           7           6543  \n",
       "\n",
       "[6830 rows x 17 columns]>"
      ]
     },
     "execution_count": 8,
     "metadata": {},
     "output_type": "execute_result"
    }
   ],
   "source": [
    "df = pd.get_dummies(df)\n",
    "df.head\n"
   ]
  },
  {
   "cell_type": "code",
   "execution_count": 9,
   "id": "d23cecea",
   "metadata": {},
   "outputs": [
    {
     "data": {
      "text/html": [
       "<div>\n",
       "<style scoped>\n",
       "    .dataframe tbody tr th:only-of-type {\n",
       "        vertical-align: middle;\n",
       "    }\n",
       "\n",
       "    .dataframe tbody tr th {\n",
       "        vertical-align: top;\n",
       "    }\n",
       "\n",
       "    .dataframe thead th {\n",
       "        text-align: right;\n",
       "    }\n",
       "</style>\n",
       "<table border=\"1\" class=\"dataframe\">\n",
       "  <thead>\n",
       "    <tr style=\"text-align: right;\">\n",
       "      <th></th>\n",
       "      <th>Rooms</th>\n",
       "      <th>Type</th>\n",
       "      <th>Price</th>\n",
       "      <th>Method</th>\n",
       "      <th>Distance</th>\n",
       "      <th>Postcode</th>\n",
       "      <th>Bedroom2</th>\n",
       "      <th>Bathroom</th>\n",
       "      <th>Car</th>\n",
       "      <th>Landsize</th>\n",
       "      <th>BuildingArea</th>\n",
       "      <th>YearBuilt</th>\n",
       "      <th>CouncilArea</th>\n",
       "      <th>Lattitude</th>\n",
       "      <th>Longtitude</th>\n",
       "      <th>Regionname</th>\n",
       "      <th>Propertycount</th>\n",
       "    </tr>\n",
       "  </thead>\n",
       "  <tbody>\n",
       "    <tr>\n",
       "      <th>Rooms</th>\n",
       "      <td>1.000000</td>\n",
       "      <td>-0.579983</td>\n",
       "      <td>0.517718</td>\n",
       "      <td>-0.048423</td>\n",
       "      <td>0.289763</td>\n",
       "      <td>0.068674</td>\n",
       "      <td>0.955851</td>\n",
       "      <td>0.613285</td>\n",
       "      <td>0.420493</td>\n",
       "      <td>0.099031</td>\n",
       "      <td>0.603150</td>\n",
       "      <td>-0.049272</td>\n",
       "      <td>-0.161131</td>\n",
       "      <td>0.009005</td>\n",
       "      <td>0.096665</td>\n",
       "      <td>-0.005093</td>\n",
       "      <td>-0.100447</td>\n",
       "    </tr>\n",
       "    <tr>\n",
       "      <th>Type</th>\n",
       "      <td>-0.579983</td>\n",
       "      <td>1.000000</td>\n",
       "      <td>-0.419183</td>\n",
       "      <td>0.088179</td>\n",
       "      <td>-0.240904</td>\n",
       "      <td>0.008063</td>\n",
       "      <td>-0.569295</td>\n",
       "      <td>-0.273788</td>\n",
       "      <td>-0.281780</td>\n",
       "      <td>-0.045246</td>\n",
       "      <td>-0.388990</td>\n",
       "      <td>0.320428</td>\n",
       "      <td>0.095130</td>\n",
       "      <td>-0.102741</td>\n",
       "      <td>0.002320</td>\n",
       "      <td>0.053642</td>\n",
       "      <td>0.098420</td>\n",
       "    </tr>\n",
       "    <tr>\n",
       "      <th>Price</th>\n",
       "      <td>0.517718</td>\n",
       "      <td>-0.419183</td>\n",
       "      <td>1.000000</td>\n",
       "      <td>-0.041462</td>\n",
       "      <td>-0.164975</td>\n",
       "      <td>0.109343</td>\n",
       "      <td>0.500452</td>\n",
       "      <td>0.492481</td>\n",
       "      <td>0.250916</td>\n",
       "      <td>0.073536</td>\n",
       "      <td>0.520492</td>\n",
       "      <td>-0.307343</td>\n",
       "      <td>-0.130870</td>\n",
       "      <td>-0.216919</td>\n",
       "      <td>0.209786</td>\n",
       "      <td>0.090802</td>\n",
       "      <td>-0.053336</td>\n",
       "    </tr>\n",
       "    <tr>\n",
       "      <th>Method</th>\n",
       "      <td>-0.048423</td>\n",
       "      <td>0.088179</td>\n",
       "      <td>-0.041462</td>\n",
       "      <td>1.000000</td>\n",
       "      <td>-0.058832</td>\n",
       "      <td>-0.031344</td>\n",
       "      <td>-0.044946</td>\n",
       "      <td>-0.006614</td>\n",
       "      <td>-0.014382</td>\n",
       "      <td>-0.015780</td>\n",
       "      <td>-0.040639</td>\n",
       "      <td>0.024371</td>\n",
       "      <td>0.028821</td>\n",
       "      <td>0.000390</td>\n",
       "      <td>-0.048818</td>\n",
       "      <td>0.025594</td>\n",
       "      <td>-0.020742</td>\n",
       "    </tr>\n",
       "    <tr>\n",
       "      <th>Distance</th>\n",
       "      <td>0.289763</td>\n",
       "      <td>-0.240904</td>\n",
       "      <td>-0.164975</td>\n",
       "      <td>-0.058832</td>\n",
       "      <td>1.000000</td>\n",
       "      <td>0.438274</td>\n",
       "      <td>0.296105</td>\n",
       "      <td>0.124044</td>\n",
       "      <td>0.265142</td>\n",
       "      <td>0.082449</td>\n",
       "      <td>0.155148</td>\n",
       "      <td>0.258462</td>\n",
       "      <td>-0.229657</td>\n",
       "      <td>-0.101092</td>\n",
       "      <td>0.215594</td>\n",
       "      <td>-0.094625</td>\n",
       "      <td>-0.061433</td>\n",
       "    </tr>\n",
       "    <tr>\n",
       "      <th>Postcode</th>\n",
       "      <td>0.068674</td>\n",
       "      <td>0.008063</td>\n",
       "      <td>0.109343</td>\n",
       "      <td>-0.031344</td>\n",
       "      <td>0.438274</td>\n",
       "      <td>1.000000</td>\n",
       "      <td>0.071611</td>\n",
       "      <td>0.112776</td>\n",
       "      <td>0.049226</td>\n",
       "      <td>0.039998</td>\n",
       "      <td>0.081791</td>\n",
       "      <td>0.036819</td>\n",
       "      <td>-0.052010</td>\n",
       "      <td>-0.374904</td>\n",
       "      <td>0.430579</td>\n",
       "      <td>-0.013522</td>\n",
       "      <td>0.058542</td>\n",
       "    </tr>\n",
       "    <tr>\n",
       "      <th>Bedroom2</th>\n",
       "      <td>0.955851</td>\n",
       "      <td>-0.569295</td>\n",
       "      <td>0.500452</td>\n",
       "      <td>-0.044946</td>\n",
       "      <td>0.296105</td>\n",
       "      <td>0.071611</td>\n",
       "      <td>1.000000</td>\n",
       "      <td>0.616832</td>\n",
       "      <td>0.424041</td>\n",
       "      <td>0.098066</td>\n",
       "      <td>0.588463</td>\n",
       "      <td>-0.038126</td>\n",
       "      <td>-0.158061</td>\n",
       "      <td>0.013882</td>\n",
       "      <td>0.095534</td>\n",
       "      <td>-0.013485</td>\n",
       "      <td>-0.098438</td>\n",
       "    </tr>\n",
       "    <tr>\n",
       "      <th>Bathroom</th>\n",
       "      <td>0.613285</td>\n",
       "      <td>-0.273788</td>\n",
       "      <td>0.492481</td>\n",
       "      <td>-0.006614</td>\n",
       "      <td>0.124044</td>\n",
       "      <td>0.112776</td>\n",
       "      <td>0.616832</td>\n",
       "      <td>1.000000</td>\n",
       "      <td>0.335331</td>\n",
       "      <td>0.081680</td>\n",
       "      <td>0.539717</td>\n",
       "      <td>0.166412</td>\n",
       "      <td>-0.093624</td>\n",
       "      <td>-0.066983</td>\n",
       "      <td>0.119573</td>\n",
       "      <td>0.036411</td>\n",
       "      <td>-0.062127</td>\n",
       "    </tr>\n",
       "    <tr>\n",
       "      <th>Car</th>\n",
       "      <td>0.420493</td>\n",
       "      <td>-0.281780</td>\n",
       "      <td>0.250916</td>\n",
       "      <td>-0.014382</td>\n",
       "      <td>0.265142</td>\n",
       "      <td>0.049226</td>\n",
       "      <td>0.424041</td>\n",
       "      <td>0.335331</td>\n",
       "      <td>1.000000</td>\n",
       "      <td>0.113427</td>\n",
       "      <td>0.331702</td>\n",
       "      <td>0.114340</td>\n",
       "      <td>-0.149610</td>\n",
       "      <td>0.003350</td>\n",
       "      <td>0.061410</td>\n",
       "      <td>0.005498</td>\n",
       "      <td>-0.033258</td>\n",
       "    </tr>\n",
       "    <tr>\n",
       "      <th>Landsize</th>\n",
       "      <td>0.099031</td>\n",
       "      <td>-0.045246</td>\n",
       "      <td>0.073536</td>\n",
       "      <td>-0.015780</td>\n",
       "      <td>0.082449</td>\n",
       "      <td>0.039998</td>\n",
       "      <td>0.098066</td>\n",
       "      <td>0.081680</td>\n",
       "      <td>0.113427</td>\n",
       "      <td>1.000000</td>\n",
       "      <td>0.082815</td>\n",
       "      <td>0.031474</td>\n",
       "      <td>-0.029790</td>\n",
       "      <td>0.013133</td>\n",
       "      <td>0.026882</td>\n",
       "      <td>-0.009509</td>\n",
       "      <td>-0.014909</td>\n",
       "    </tr>\n",
       "    <tr>\n",
       "      <th>BuildingArea</th>\n",
       "      <td>0.603150</td>\n",
       "      <td>-0.388990</td>\n",
       "      <td>0.520492</td>\n",
       "      <td>-0.040639</td>\n",
       "      <td>0.155148</td>\n",
       "      <td>0.081791</td>\n",
       "      <td>0.588463</td>\n",
       "      <td>0.539717</td>\n",
       "      <td>0.331702</td>\n",
       "      <td>0.082815</td>\n",
       "      <td>1.000000</td>\n",
       "      <td>0.017940</td>\n",
       "      <td>-0.162304</td>\n",
       "      <td>-0.042230</td>\n",
       "      <td>0.107153</td>\n",
       "      <td>0.031412</td>\n",
       "      <td>-0.063315</td>\n",
       "    </tr>\n",
       "    <tr>\n",
       "      <th>YearBuilt</th>\n",
       "      <td>-0.049272</td>\n",
       "      <td>0.320428</td>\n",
       "      <td>-0.307343</td>\n",
       "      <td>0.024371</td>\n",
       "      <td>0.258462</td>\n",
       "      <td>0.036819</td>\n",
       "      <td>-0.038126</td>\n",
       "      <td>0.166412</td>\n",
       "      <td>0.114340</td>\n",
       "      <td>0.031474</td>\n",
       "      <td>0.017940</td>\n",
       "      <td>1.000000</td>\n",
       "      <td>-0.053511</td>\n",
       "      <td>0.064333</td>\n",
       "      <td>-0.005064</td>\n",
       "      <td>-0.026114</td>\n",
       "      <td>0.005116</td>\n",
       "    </tr>\n",
       "    <tr>\n",
       "      <th>CouncilArea</th>\n",
       "      <td>-0.161131</td>\n",
       "      <td>0.095130</td>\n",
       "      <td>-0.130870</td>\n",
       "      <td>0.028821</td>\n",
       "      <td>-0.229657</td>\n",
       "      <td>-0.052010</td>\n",
       "      <td>-0.158061</td>\n",
       "      <td>-0.093624</td>\n",
       "      <td>-0.149610</td>\n",
       "      <td>-0.029790</td>\n",
       "      <td>-0.162304</td>\n",
       "      <td>-0.053511</td>\n",
       "      <td>1.000000</td>\n",
       "      <td>0.127177</td>\n",
       "      <td>-0.176712</td>\n",
       "      <td>-0.077807</td>\n",
       "      <td>0.011064</td>\n",
       "    </tr>\n",
       "    <tr>\n",
       "      <th>Lattitude</th>\n",
       "      <td>0.009005</td>\n",
       "      <td>-0.102741</td>\n",
       "      <td>-0.216919</td>\n",
       "      <td>0.000390</td>\n",
       "      <td>-0.101092</td>\n",
       "      <td>-0.374904</td>\n",
       "      <td>0.013882</td>\n",
       "      <td>-0.066983</td>\n",
       "      <td>0.003350</td>\n",
       "      <td>0.013133</td>\n",
       "      <td>-0.042230</td>\n",
       "      <td>0.064333</td>\n",
       "      <td>0.127177</td>\n",
       "      <td>1.000000</td>\n",
       "      <td>-0.362765</td>\n",
       "      <td>-0.310796</td>\n",
       "      <td>0.060940</td>\n",
       "    </tr>\n",
       "    <tr>\n",
       "      <th>Longtitude</th>\n",
       "      <td>0.096665</td>\n",
       "      <td>0.002320</td>\n",
       "      <td>0.209786</td>\n",
       "      <td>-0.048818</td>\n",
       "      <td>0.215594</td>\n",
       "      <td>0.430579</td>\n",
       "      <td>0.095534</td>\n",
       "      <td>0.119573</td>\n",
       "      <td>0.061410</td>\n",
       "      <td>0.026882</td>\n",
       "      <td>0.107153</td>\n",
       "      <td>-0.005064</td>\n",
       "      <td>-0.176712</td>\n",
       "      <td>-0.362765</td>\n",
       "      <td>1.000000</td>\n",
       "      <td>-0.469294</td>\n",
       "      <td>0.052395</td>\n",
       "    </tr>\n",
       "    <tr>\n",
       "      <th>Regionname</th>\n",
       "      <td>-0.005093</td>\n",
       "      <td>0.053642</td>\n",
       "      <td>0.090802</td>\n",
       "      <td>0.025594</td>\n",
       "      <td>-0.094625</td>\n",
       "      <td>-0.013522</td>\n",
       "      <td>-0.013485</td>\n",
       "      <td>0.036411</td>\n",
       "      <td>0.005498</td>\n",
       "      <td>-0.009509</td>\n",
       "      <td>0.031412</td>\n",
       "      <td>-0.026114</td>\n",
       "      <td>-0.077807</td>\n",
       "      <td>-0.310796</td>\n",
       "      <td>-0.469294</td>\n",
       "      <td>1.000000</td>\n",
       "      <td>-0.149624</td>\n",
       "    </tr>\n",
       "    <tr>\n",
       "      <th>Propertycount</th>\n",
       "      <td>-0.100447</td>\n",
       "      <td>0.098420</td>\n",
       "      <td>-0.053336</td>\n",
       "      <td>-0.020742</td>\n",
       "      <td>-0.061433</td>\n",
       "      <td>0.058542</td>\n",
       "      <td>-0.098438</td>\n",
       "      <td>-0.062127</td>\n",
       "      <td>-0.033258</td>\n",
       "      <td>-0.014909</td>\n",
       "      <td>-0.063315</td>\n",
       "      <td>0.005116</td>\n",
       "      <td>0.011064</td>\n",
       "      <td>0.060940</td>\n",
       "      <td>0.052395</td>\n",
       "      <td>-0.149624</td>\n",
       "      <td>1.000000</td>\n",
       "    </tr>\n",
       "  </tbody>\n",
       "</table>\n",
       "</div>"
      ],
      "text/plain": [
       "                  Rooms      Type     Price    Method  Distance  Postcode  \\\n",
       "Rooms          1.000000 -0.579983  0.517718 -0.048423  0.289763  0.068674   \n",
       "Type          -0.579983  1.000000 -0.419183  0.088179 -0.240904  0.008063   \n",
       "Price          0.517718 -0.419183  1.000000 -0.041462 -0.164975  0.109343   \n",
       "Method        -0.048423  0.088179 -0.041462  1.000000 -0.058832 -0.031344   \n",
       "Distance       0.289763 -0.240904 -0.164975 -0.058832  1.000000  0.438274   \n",
       "Postcode       0.068674  0.008063  0.109343 -0.031344  0.438274  1.000000   \n",
       "Bedroom2       0.955851 -0.569295  0.500452 -0.044946  0.296105  0.071611   \n",
       "Bathroom       0.613285 -0.273788  0.492481 -0.006614  0.124044  0.112776   \n",
       "Car            0.420493 -0.281780  0.250916 -0.014382  0.265142  0.049226   \n",
       "Landsize       0.099031 -0.045246  0.073536 -0.015780  0.082449  0.039998   \n",
       "BuildingArea   0.603150 -0.388990  0.520492 -0.040639  0.155148  0.081791   \n",
       "YearBuilt     -0.049272  0.320428 -0.307343  0.024371  0.258462  0.036819   \n",
       "CouncilArea   -0.161131  0.095130 -0.130870  0.028821 -0.229657 -0.052010   \n",
       "Lattitude      0.009005 -0.102741 -0.216919  0.000390 -0.101092 -0.374904   \n",
       "Longtitude     0.096665  0.002320  0.209786 -0.048818  0.215594  0.430579   \n",
       "Regionname    -0.005093  0.053642  0.090802  0.025594 -0.094625 -0.013522   \n",
       "Propertycount -0.100447  0.098420 -0.053336 -0.020742 -0.061433  0.058542   \n",
       "\n",
       "               Bedroom2  Bathroom       Car  Landsize  BuildingArea  \\\n",
       "Rooms          0.955851  0.613285  0.420493  0.099031      0.603150   \n",
       "Type          -0.569295 -0.273788 -0.281780 -0.045246     -0.388990   \n",
       "Price          0.500452  0.492481  0.250916  0.073536      0.520492   \n",
       "Method        -0.044946 -0.006614 -0.014382 -0.015780     -0.040639   \n",
       "Distance       0.296105  0.124044  0.265142  0.082449      0.155148   \n",
       "Postcode       0.071611  0.112776  0.049226  0.039998      0.081791   \n",
       "Bedroom2       1.000000  0.616832  0.424041  0.098066      0.588463   \n",
       "Bathroom       0.616832  1.000000  0.335331  0.081680      0.539717   \n",
       "Car            0.424041  0.335331  1.000000  0.113427      0.331702   \n",
       "Landsize       0.098066  0.081680  0.113427  1.000000      0.082815   \n",
       "BuildingArea   0.588463  0.539717  0.331702  0.082815      1.000000   \n",
       "YearBuilt     -0.038126  0.166412  0.114340  0.031474      0.017940   \n",
       "CouncilArea   -0.158061 -0.093624 -0.149610 -0.029790     -0.162304   \n",
       "Lattitude      0.013882 -0.066983  0.003350  0.013133     -0.042230   \n",
       "Longtitude     0.095534  0.119573  0.061410  0.026882      0.107153   \n",
       "Regionname    -0.013485  0.036411  0.005498 -0.009509      0.031412   \n",
       "Propertycount -0.098438 -0.062127 -0.033258 -0.014909     -0.063315   \n",
       "\n",
       "               YearBuilt  CouncilArea  Lattitude  Longtitude  Regionname  \\\n",
       "Rooms          -0.049272    -0.161131   0.009005    0.096665   -0.005093   \n",
       "Type            0.320428     0.095130  -0.102741    0.002320    0.053642   \n",
       "Price          -0.307343    -0.130870  -0.216919    0.209786    0.090802   \n",
       "Method          0.024371     0.028821   0.000390   -0.048818    0.025594   \n",
       "Distance        0.258462    -0.229657  -0.101092    0.215594   -0.094625   \n",
       "Postcode        0.036819    -0.052010  -0.374904    0.430579   -0.013522   \n",
       "Bedroom2       -0.038126    -0.158061   0.013882    0.095534   -0.013485   \n",
       "Bathroom        0.166412    -0.093624  -0.066983    0.119573    0.036411   \n",
       "Car             0.114340    -0.149610   0.003350    0.061410    0.005498   \n",
       "Landsize        0.031474    -0.029790   0.013133    0.026882   -0.009509   \n",
       "BuildingArea    0.017940    -0.162304  -0.042230    0.107153    0.031412   \n",
       "YearBuilt       1.000000    -0.053511   0.064333   -0.005064   -0.026114   \n",
       "CouncilArea    -0.053511     1.000000   0.127177   -0.176712   -0.077807   \n",
       "Lattitude       0.064333     0.127177   1.000000   -0.362765   -0.310796   \n",
       "Longtitude     -0.005064    -0.176712  -0.362765    1.000000   -0.469294   \n",
       "Regionname     -0.026114    -0.077807  -0.310796   -0.469294    1.000000   \n",
       "Propertycount   0.005116     0.011064   0.060940    0.052395   -0.149624   \n",
       "\n",
       "               Propertycount  \n",
       "Rooms              -0.100447  \n",
       "Type                0.098420  \n",
       "Price              -0.053336  \n",
       "Method             -0.020742  \n",
       "Distance           -0.061433  \n",
       "Postcode            0.058542  \n",
       "Bedroom2           -0.098438  \n",
       "Bathroom           -0.062127  \n",
       "Car                -0.033258  \n",
       "Landsize           -0.014909  \n",
       "BuildingArea       -0.063315  \n",
       "YearBuilt           0.005116  \n",
       "CouncilArea         0.011064  \n",
       "Lattitude           0.060940  \n",
       "Longtitude          0.052395  \n",
       "Regionname         -0.149624  \n",
       "Propertycount       1.000000  "
      ]
     },
     "execution_count": 9,
     "metadata": {},
     "output_type": "execute_result"
    }
   ],
   "source": [
    "# Assuming df is your DataFrame\n",
    "correlation_matrix = df.corr()\n",
    "\n",
    "correlation_matrix"
   ]
  },
  {
   "cell_type": "code",
   "execution_count": 10,
   "id": "02a10e8e",
   "metadata": {},
   "outputs": [],
   "source": [
    "# Set the correlation threshold\n",
    "threshold = 0.8\n",
    "\n",
    "# Find and remove highly correlated features\n",
    "correlated_features = set()\n",
    "for i in range(len(correlation_matrix.columns)):\n",
    "    for j in range(i):\n",
    "        if abs(correlation_matrix.iloc[i, j]) > threshold:\n",
    "            colname = correlation_matrix.columns[i]\n",
    "            correlated_features.add(colname)\n",
    "\n",
    "# Drop the highly correlated features\n",
    "df = df.drop(columns=correlated_features)"
   ]
  },
  {
   "cell_type": "code",
   "execution_count": 11,
   "id": "b7405f8c",
   "metadata": {
    "scrolled": true
   },
   "outputs": [
    {
     "data": {
      "text/html": [
       "<div>\n",
       "<style scoped>\n",
       "    .dataframe tbody tr th:only-of-type {\n",
       "        vertical-align: middle;\n",
       "    }\n",
       "\n",
       "    .dataframe tbody tr th {\n",
       "        vertical-align: top;\n",
       "    }\n",
       "\n",
       "    .dataframe thead th {\n",
       "        text-align: right;\n",
       "    }\n",
       "</style>\n",
       "<table border=\"1\" class=\"dataframe\">\n",
       "  <thead>\n",
       "    <tr style=\"text-align: right;\">\n",
       "      <th></th>\n",
       "      <th>Rooms</th>\n",
       "      <th>Type</th>\n",
       "      <th>Price</th>\n",
       "      <th>Method</th>\n",
       "      <th>Distance</th>\n",
       "      <th>Postcode</th>\n",
       "      <th>Bathroom</th>\n",
       "      <th>Car</th>\n",
       "      <th>Landsize</th>\n",
       "      <th>BuildingArea</th>\n",
       "      <th>YearBuilt</th>\n",
       "      <th>CouncilArea</th>\n",
       "      <th>Lattitude</th>\n",
       "      <th>Longtitude</th>\n",
       "      <th>Regionname</th>\n",
       "      <th>Propertycount</th>\n",
       "    </tr>\n",
       "  </thead>\n",
       "  <tbody>\n",
       "    <tr>\n",
       "      <th>0</th>\n",
       "      <td>2</td>\n",
       "      <td>1</td>\n",
       "      <td>1035000</td>\n",
       "      <td>2</td>\n",
       "      <td>2.5</td>\n",
       "      <td>3067</td>\n",
       "      <td>1</td>\n",
       "      <td>0</td>\n",
       "      <td>156</td>\n",
       "      <td>79.0</td>\n",
       "      <td>1900</td>\n",
       "      <td>30.0</td>\n",
       "      <td>-37.8079</td>\n",
       "      <td>144.9934</td>\n",
       "      <td>3</td>\n",
       "      <td>4019</td>\n",
       "    </tr>\n",
       "    <tr>\n",
       "      <th>1</th>\n",
       "      <td>3</td>\n",
       "      <td>1</td>\n",
       "      <td>1465000</td>\n",
       "      <td>4</td>\n",
       "      <td>2.5</td>\n",
       "      <td>3067</td>\n",
       "      <td>2</td>\n",
       "      <td>0</td>\n",
       "      <td>134</td>\n",
       "      <td>150.0</td>\n",
       "      <td>1900</td>\n",
       "      <td>30.0</td>\n",
       "      <td>-37.8093</td>\n",
       "      <td>144.9944</td>\n",
       "      <td>3</td>\n",
       "      <td>4019</td>\n",
       "    </tr>\n",
       "    <tr>\n",
       "      <th>2</th>\n",
       "      <td>4</td>\n",
       "      <td>1</td>\n",
       "      <td>1600000</td>\n",
       "      <td>5</td>\n",
       "      <td>2.5</td>\n",
       "      <td>3067</td>\n",
       "      <td>1</td>\n",
       "      <td>2</td>\n",
       "      <td>120</td>\n",
       "      <td>142.0</td>\n",
       "      <td>2014</td>\n",
       "      <td>30.0</td>\n",
       "      <td>-37.8072</td>\n",
       "      <td>144.9941</td>\n",
       "      <td>3</td>\n",
       "      <td>4019</td>\n",
       "    </tr>\n",
       "    <tr>\n",
       "      <th>3</th>\n",
       "      <td>3</td>\n",
       "      <td>1</td>\n",
       "      <td>1876000</td>\n",
       "      <td>2</td>\n",
       "      <td>2.5</td>\n",
       "      <td>3067</td>\n",
       "      <td>2</td>\n",
       "      <td>0</td>\n",
       "      <td>245</td>\n",
       "      <td>210.0</td>\n",
       "      <td>1910</td>\n",
       "      <td>30.0</td>\n",
       "      <td>-37.8024</td>\n",
       "      <td>144.9993</td>\n",
       "      <td>3</td>\n",
       "      <td>4019</td>\n",
       "    </tr>\n",
       "    <tr>\n",
       "      <th>4</th>\n",
       "      <td>2</td>\n",
       "      <td>1</td>\n",
       "      <td>1636000</td>\n",
       "      <td>2</td>\n",
       "      <td>2.5</td>\n",
       "      <td>3067</td>\n",
       "      <td>1</td>\n",
       "      <td>2</td>\n",
       "      <td>256</td>\n",
       "      <td>107.0</td>\n",
       "      <td>1890</td>\n",
       "      <td>30.0</td>\n",
       "      <td>-37.8060</td>\n",
       "      <td>144.9954</td>\n",
       "      <td>3</td>\n",
       "      <td>4019</td>\n",
       "    </tr>\n",
       "  </tbody>\n",
       "</table>\n",
       "</div>"
      ],
      "text/plain": [
       "   Rooms  Type    Price  Method  Distance  Postcode  Bathroom  Car  Landsize  \\\n",
       "0      2     1  1035000       2       2.5      3067         1    0       156   \n",
       "1      3     1  1465000       4       2.5      3067         2    0       134   \n",
       "2      4     1  1600000       5       2.5      3067         1    2       120   \n",
       "3      3     1  1876000       2       2.5      3067         2    0       245   \n",
       "4      2     1  1636000       2       2.5      3067         1    2       256   \n",
       "\n",
       "   BuildingArea  YearBuilt  CouncilArea  Lattitude  Longtitude  Regionname  \\\n",
       "0          79.0       1900         30.0   -37.8079    144.9934           3   \n",
       "1         150.0       1900         30.0   -37.8093    144.9944           3   \n",
       "2         142.0       2014         30.0   -37.8072    144.9941           3   \n",
       "3         210.0       1910         30.0   -37.8024    144.9993           3   \n",
       "4         107.0       1890         30.0   -37.8060    144.9954           3   \n",
       "\n",
       "   Propertycount  \n",
       "0           4019  \n",
       "1           4019  \n",
       "2           4019  \n",
       "3           4019  \n",
       "4           4019  "
      ]
     },
     "execution_count": 11,
     "metadata": {},
     "output_type": "execute_result"
    }
   ],
   "source": [
    "df.head()"
   ]
  },
  {
   "cell_type": "code",
   "execution_count": 12,
   "id": "c79655d1",
   "metadata": {},
   "outputs": [
    {
     "name": "stdout",
     "output_type": "stream",
     "text": [
      "DataFrame has been saved to final_dataframe.csv\n"
     ]
    }
   ],
   "source": [
    "file_path = 'final_dataframe.csv'\n",
    "\n",
    "# Save the DataFrame to a CSV file\n",
    "df.to_csv(file_path, index=False)\n",
    "\n",
    "print(f'DataFrame has been saved to {file_path}')"
   ]
  },
  {
   "cell_type": "code",
   "execution_count": 13,
   "id": "f100538f",
   "metadata": {},
   "outputs": [
    {
     "name": "stdout",
     "output_type": "stream",
     "text": [
      "<class 'pandas.core.frame.DataFrame'>\n",
      "RangeIndex: 6830 entries, 0 to 6829\n",
      "Data columns (total 16 columns):\n",
      " #   Column         Non-Null Count  Dtype  \n",
      "---  ------         --------------  -----  \n",
      " 0   Rooms          6830 non-null   int64  \n",
      " 1   Type           6830 non-null   int64  \n",
      " 2   Price          6830 non-null   int64  \n",
      " 3   Method         6830 non-null   int64  \n",
      " 4   Distance       6830 non-null   float64\n",
      " 5   Postcode       6830 non-null   int64  \n",
      " 6   Bathroom       6830 non-null   int64  \n",
      " 7   Car            6830 non-null   int64  \n",
      " 8   Landsize       6830 non-null   int64  \n",
      " 9   BuildingArea   6830 non-null   float64\n",
      " 10  YearBuilt      6830 non-null   int64  \n",
      " 11  CouncilArea    6196 non-null   float64\n",
      " 12  Lattitude      6830 non-null   float64\n",
      " 13  Longtitude     6830 non-null   float64\n",
      " 14  Regionname     6830 non-null   int64  \n",
      " 15  Propertycount  6830 non-null   int64  \n",
      "dtypes: float64(5), int64(11)\n",
      "memory usage: 853.9 KB\n"
     ]
    }
   ],
   "source": [
    "df.info()"
   ]
  },
  {
   "cell_type": "code",
   "execution_count": 14,
   "id": "0d5ef7d8",
   "metadata": {},
   "outputs": [
    {
     "name": "stdout",
     "output_type": "stream",
     "text": [
      "                 sum_sq      df          F        PR(>F)\n",
      "C(Method)  4.532047e+13     4.0  25.347842  7.116341e-21\n",
      "Residual   3.050676e+15  6825.0        NaN           NaN\n"
     ]
    }
   ],
   "source": [
    "import pandas as pd\n",
    "import statsmodels.api as sm\n",
    "from statsmodels.formula.api import ols\n",
    "\n",
    "\n",
    "# Assuming 'Method' and 'Price' are columns in your DataFrame\n",
    "formula = 'Price ~ C(Method)'\n",
    "model = ols(formula, data=df).fit()\n",
    "\n",
    "anova_table = sm.stats.anova_lm(model, typ=2)\n",
    "\n",
    "print(anova_table)\n"
   ]
  }
 ],
 "metadata": {
  "kernelspec": {
   "display_name": "Python 3 (ipykernel)",
   "language": "python",
   "name": "python3"
  },
  "language_info": {
   "codemirror_mode": {
    "name": "ipython",
    "version": 3
   },
   "file_extension": ".py",
   "mimetype": "text/x-python",
   "name": "python",
   "nbconvert_exporter": "python",
   "pygments_lexer": "ipython3",
   "version": "3.11.5"
  }
 },
 "nbformat": 4,
 "nbformat_minor": 5
}
